4330.68434913
3712.01864048
3588.96691331
3527.70655236
3478.59489768
3440.29558832
3412.13293495
3391.05564769
3373.27852837
3358.80656045
3348.05208631
3338.98195647
3330.39804665
3322.94258382
3316.19415256
3309.15988758
3301.57151525
3294.30222625
3286.37461485
3279.0517912
3271.97316901
3265.31565358
3259.62135819
3255.45653729
3251.77620979
3248.27036997
3244.95746904
3242.46377251
3240.46372261
3239.04248657
3237.25152895
3235.61439073
3234.33590035
3232.73364854
3230.89363217
3229.15834029
3227.19404441
3224.89071882
3222.27024764
3218.91384169
3215.13118122
3211.48621432
3208.90680099
3208.97342664